9 89 197 24 33
9 50 199 25 24
24 176 362 50 55
7 249 278 205 123
7 508 304 131 64
0 140 346 72 134
0 237 326 28 80
0 212 332 22 60
0 264 331 16 73
0 288 337 33 77
0 571 328 15 42
0 125 325 10 37
0 317 334 20 75
0 78 326 20 48
0 138 326 16 38
0 225 327 15 70
9 227 297 11 11
9 28 303 6 7
9 29 277 6 12
24 208 341 11 20
26 307 360 13 14
0 191 331 21 40
7 520 324 120 156
7 55 301 141 60
7 474 320 25 14
9 90 178 15 15
26 93 344 6 12
0 537 329 14 40
9 302 261 7 14
9 296 261 6 12
9 55 299 5 4
26 209 341 11 29
26 473 341 6 5