25 13 95 212 133
25 142 117 154 89
25 203 112 128 71
25 281 131 68 42
25 281 115 89 21
25 375 134 50 25
25 424 43 38 90
25 0 97 160 261
25 0 137 79 110
25 130 117 124 104
25 227 130 89 68
0 339 139 62 193
0 493 149 49 185
0 124 220 85 173
0 532 187 46 56
0 542 160 24 43
0 575 195 50 47
0 547 140 14 34
25 326 131 84 40
26 93 388 60 33
56 203 275 292 131
0 216 221 51 23
0 301 182 26 33
0 587 156 6 13
0 184 369 119 58
0 325 173 15 36
56 208 249 85 46
56 17 249 139 109
56 3 401 101 20
56 222 265 73 30
56 0 323 63 84
56 222 245 60 20
56 233 291 77 19
56 211 224 63 25
0 623 163 8 26
25 464 106 67 32
26 103 359 41 12
26 116 327 64 62