44 250 201 211 49
51 448 364 23 43
51 391 375 25 54
51 442 376 7 26
51 413 404 56 31
44 534 250 74 122
44 518 214 98 43
44 231 43 71 43
44 546 252 72 81
44 464 391 122 88
45 276 58 129 63
45 424 236 145 114
45 514 315 126 143
45 235 198 169 86
45 363 337 161 139
45 332 157 133 69
45 342 116 151 65
45 190 73 88 33
45 361 47 93 63
50 199 254 18 32
50 281 394 38 29
50 170 270 22 29
51 463 401 26 32
51 415 418 14 32
60 0 42 640 438
42 211 408 85 66
44 458 121 44 29
45 115 89 96 39
45 34 110 117 60
45 0 146 71 74
50 115 341 40 25
51 379 413 36 30
51 577 377 12 15
51 373 389 31 27
51 169 360 42 42
51 421 374 22 22
51 434 447 21 11
44 527 130 20 9
50 250 326 24 21
50 289 290 18 33
50 151 263 16 14
45 0 189 173 92