39 390 184 8 27
39 374 190 7 21
39 368 185 7 28
39 383 188 7 24
39 434 280 18 31
72 429 171 97 138
39 463 283 10 37
39 400 162 9 17
39 374 136 10 15
39 405 133 10 16
39 415 131 11 17
56 159 409 151 71
40 154 190 13 28
40 141 191 16 37
40 108 196 14 33
40 59 196 20 38
40 82 195 15 40
40 96 196 12 37
41 147 234 27 21
41 115 237 23 20
41 177 233 20 16
41 197 229 20 16
45 506 221 56 11
68 378 227 53 30
69 275 263 47 34
40 76 195 11 40
40 119 191 16 38
40 133 193 11 35
41 159 232 22 21
41 513 134 15 21
41 533 140 15 14
41 506 147 6 8
41 170 203 18 19
41 134 233 15 20
45 506 212 29 5
45 505 219 57 4
45 509 215 52 5
45 507 213 56 6
45 363 171 13 9
60 373 459 137 15